0001_0092_0051_0091_0091.jpg 1 92 51 91 91
0002_0050_0098_0058_0058.jpg 1 50 98 58 58
0003_0024_0049_0122_0122.jpg 1 24 49 122 122
0004_0027_0077_0091_0091.jpg 1 27 77 91 91
0005_0006_0050_0135_0135.jpg 1 6 50 135 135
0006_0024_0029_0136_0136.jpg 1 24 29 136 136
0007_0011_0041_0086_0086.jpg 1 11 41 86 86
0008_0026_0106_0037_0037.jpg 1 26 106 37 37
0009_0022_0035_0124_0124.jpg 1 22 35 124 124
0010_0035_0091_0084_0084.jpg 1 35 91 84 84
0011_0026_0106_0044_0044.jpg 1 26 106 44 44
0012_0059_0014_0121_0121.jpg 1 59 14 121 121
0013_0107_0019_0039_0039.jpg 1 107 19 39 39
0014_0076_0070_0032_0032.jpg 1 76 70 32 32
0015_0057_0079_0092_0092.jpg 1 57 79 92 92
0016_0057_0043_0115_0115.jpg 1 57 43 115 115
0017_0061_0125_0048_0048.jpg 1 61 125 48 48
0018_0039_0062_0078_0078.jpg 1 39 62 78 78
0019_0034_0064_0088_0088.jpg 1 34 64 88 88
0020_0041_0027_0044_0044.jpg 1 41 27 44 44
0021_0053_0140_0032_0032.jpg 1 53 140 32 32
0022_0117_0083_0035_0035.jpg 1 117 83 35 35
0023_0076_0078_0102_0102.jpg 1 76 78 102 102
0024_0031_0030_0138_0138.jpg 1 31 30 138 138
0025_0027_0077_0110_0110.jpg 1 27 77 110 110
0026_0139_0076_0041_0041.jpg 1 139 76 41 41
0027_0041_0077_0045_0045.jpg 1 41 77 45 45
0028_0096_0067_0058_0058.jpg 1 96 67 58 58
0029_0028_0053_0105_0105.jpg 1 28 53 105 105
0030_0032_0039_0048_0048.jpg 1 32 39 48 48
0031_0138_0030_0024_0024.jpg 1 138 30 24 24
0032_0051_0015_0100_0100.jpg 1 51 15 100 100
0033_0106_0051_0072_0072.jpg 1 106 51 72 72
0034_0019_0035_0123_0123.jpg 1 19 35 123 123
0035_0067_0066_0105_0105.jpg 1 67 66 105 105
0036_0095_0085_0092_0092.jpg 1 95 85 92 92
0037_0083_0084_0083_0083.jpg 1 83 84 83 83
0038_0117_0015_0063_0063.jpg 1 117 15 63 63
0039_0121_0044_0025_0025.jpg 1 121 44 25 25
0040_0018_0010_0133_0133.jpg 1 18 10 133 133
0041_0040_0017_0127_0127.jpg 1 40 17 127 127
0042_0060_0052_0119_0119.jpg 1 60 52 119 119
0043_0073_0112_0060_0060.jpg 1 73 112 60 60
0044_0082_0036_0091_0091.jpg 1 82 36 91 91
0045_0042_0019_0033_0033.jpg 1 42 19 33 33
0046_0052_0020_0124_0124.jpg 1 52 20 124 124
0047_0026_0050_0061_0061.jpg 1 26 50 61 61
0048_0082_0105_0044_0044.jpg 1 82 105 44 44
0049_0081_0038_0067_0067.jpg 1 81 38 67 67
0050_0035_0025_0042_0042.jpg 1 35 25 42 42
0051_0014_0107_0052_0052.jpg 1 14 107 52 52
0052_0047_0028_0088_0088.jpg 1 47 28 88 88
0053_0118_0115_0042_0042.jpg 1 118 115 42 42
0054_0033_0058_0048_0048.jpg 1 33 58 48 48
0055_0058_0047_0043_0043.jpg 1 58 47 43 43
0056_0041_0103_0075_0075.jpg 1 41 103 75 75
0057_0137_0068_0037_0037.jpg 1 137 68 37 37
0058_0038_0065_0061_0061.jpg 1 38 65 61 61
0059_0057_0024_0136_0136.jpg 1 57 24 136 136
0060_0047_0090_0097_0097.jpg 1 47 90 97 97
0061_0031_0083_0034_0034.jpg 1 31 83 34 34
0062_0015_0072_0095_0095.jpg 1 15 72 95 95
0063_0025_0025_0064_0064.jpg 1 25 25 64 64
0064_0148_0045_0033_0033.jpg 1 148 45 33 33
0065_0092_0118_0041_0041.jpg 1 92 118 41 41
0066_0031_0011_0125_0125.jpg 1 31 11 125 125
0067_0083_0093_0054_0054.jpg 1 83 93 54 54
0068_0105_0031_0075_0075.jpg 1 105 31 75 75
0069_0060_0075_0032_0032.jpg 1 60 75 32 32
0070_0095_0056_0059_0059.jpg 1 95 56 59 59
0071_0073_0102_0029_0029.jpg 1 73 102 29 29
0072_0049_0022_0133_0133.jpg 1 49 22 133 133
0073_0014_0058_0117_0117.jpg 1 14 58 117 117
0074_0012_0067_0116_0116.jpg 1 12 67 116 116
0075_0007_0051_0137_0137.jpg 1 7 51 137 137
0076_0053_0085_0034_0034.jpg 1 53 85 34 34
0077_0020_0069_0122_0122.jpg 1 20 69 122 122
0078_0053_0044_0044_0044.jpg 1 53 44 44 44
0079_0052_0034_0087_0087.jpg 1 52 34 87 87
0080_0108_0104_0065_0065.jpg 1 108 104 65 65
0081_0064_0027_0041_0041.jpg 1 64 27 41 41
0082_0135_0134_0049_0049.jpg 1 135 134 49 49
0083_0057_0071_0068_0068.jpg 1 57 71 68 68
0084_0135_0088_0032_0032.jpg 1 135 88 32 32
0085_0054_0068_0104_0104.jpg 1 54 68 104 104
0086_0104_0047_0079_0079.jpg 1 104 47 79 79
0087_0076_0053_0058_0058.jpg 1 76 53 58 58
0088_0069_0092_0031_0031.jpg 1 69 92 31 31
0089_0045_0061_0082_0082.jpg 1 45 61 82 82
0090_0065_0037_0095_0095.jpg 1 65 37 95 95
0091_0106_0046_0067_0067.jpg 1 106 46 67 67
0092_0073_0046_0033_0033.jpg 1 73 46 33 33
0093_0029_0128_0034_0034.jpg 1 29 128 34 34
0094_0091_0039_0043_0043.jpg 1 91 39 43 43
0095_0039_0042_0096_0096.jpg 1 39 42 96 96
0096_0038_0053_0094_0094.jpg 1 38 53 94 94
0097_0036_0079_0030_0030.jpg 1 36 79 30 30
0098_0046_0064_0071_0071.jpg 1 46 64 71 71
0099_0070_0129_0046_0046.jpg 1 70 129 46 46
0100_0076_0053_0097_0097.jpg 1 76 53 97 97
0101_0020_0072_0101_0101.jpg 1 20 72 101 101
0102_0082_0061_0060_0060.jpg 1 82 61 60 60
0103_0039_0042_0126_0126.jpg 1 39 42 126 126
0104_0026_0046_0067_0067.jpg 1 26 46 67 67
0105_0032_0047_0122_0122.jpg 1 32 47 122 122
0106_0020_0018_0103_0103.jpg 1 20 18 103 103
0107_0042_0010_0133_0133.jpg 1 42 10 133 133
0108_0028_0048_0129_0129.jpg 1 28 48 129 129
0109_0048_0076_0114_0114.jpg 1 48 76 114 114
0110_0072_0032_0101_0101.jpg 1 72 32 101 101
0111_0048_0008_0131_0131.jpg 1 48 8 131 131
0112_0045_0073_0111_0111.jpg 1 45 73 111 111
0113_0017_0019_0036_0036.jpg 1 17 19 36 36
0114_0113_0090_0072_0072.jpg 1 113 90 72 72
0115_0053_0101_0078_0078.jpg 1 53 101 78 78
0116_0127_0068_0046_0046.jpg 1 127 68 46 46
0117_0062_0036_0045_0045.jpg 1 62 36 45 45
0118_0055_0011_0111_0111.jpg 1 55 11 111 111
0119_0076_0152_0026_0026.jpg 1 76 152 26 26
0120_0033_0026_0136_0136.jpg 1 33 26 136 136
0121_0018_0046_0066_0066.jpg 1 18 46 66 66
0122_0052_0016_0132_0132.jpg 1 52 16 132 132
0123_0049_0106_0068_0068.jpg 1 49 106 68 68
0124_0038_0017_0134_0134.jpg 1 38 17 134 134
0125_0057_0043_0123_0123.jpg 1 57 43 123 123
0126_0125_0081_0054_0054.jpg 1 125 81 54 54
0127_0021_0013_0135_0135.jpg 1 21 13 135 135
0128_0020_0077_0060_0060.jpg 1 20 77 60 60
0129_0044_0039_0088_0088.jpg 1 44 39 88 88
0130_0017_0073_0084_0084.jpg 1 17 73 84 84
0131_0028_0040_0132_0132.jpg 1 28 40 132 132
0132_0020_0082_0101_0101.jpg 1 20 82 101 101
0133_0077_0070_0085_0085.jpg 1 77 70 85 85
0134_0037_0107_0080_0080.jpg 1 37 107 80 80
0135_0060_0110_0050_0050.jpg 1 60 110 50 50
0136_0040_0087_0098_0098.jpg 1 40 87 98 98
0137_0083_0029_0035_0035.jpg 1 83 29 35 35
0138_0035_0039_0087_0087.jpg 1 35 39 87 87
0139_0015_0095_0080_0080.jpg 1 15 95 80 80
0140_0051_0019_0138_0138.jpg 1 51 19 138 138
0141_0046_0034_0088_0088.jpg 1 46 34 88 88
0142_0057_0124_0054_0054.jpg 1 57 124 54 54
0143_0040_0017_0131_0131.jpg 1 40 17 131 131
0144_0099_0035_0086_0086.jpg 1 99 35 86 86
0145_0066_0035_0043_0043.jpg 1 66 35 43 43
0146_0077_0061_0102_0102.jpg 1 77 61 102 102
0147_0041_0090_0083_0083.jpg 1 41 90 83 83
0148_0063_0013_0108_0108.jpg 1 63 13 108 108
0149_0015_0013_0075_0075.jpg 1 15 13 75 75
0150_0104_0035_0032_0032.jpg 1 104 35 32 32
0151_0105_0025_0075_0075.jpg 1 105 25 75 75
0152_0057_0031_0055_0055.jpg 1 57 31 55 55
0153_0139_0088_0028_0028.jpg 1 139 88 28 28
0154_0083_0052_0092_0092.jpg 1 83 52 92 92
0155_0011_0083_0094_0094.jpg 1 11 83 94 94
0156_0022_0126_0036_0036.jpg 1 22 126 36 36
0157_0044_0043_0042_0042.jpg 1 44 43 42 42
0158_0045_0076_0068_0068.jpg 1 45 76 68 68
0159_0061_0092_0079_0079.jpg 1 61 92 79 79
0160_0021_0154_0027_0027.jpg 1 21 154 27 27
0161_0069_0085_0104_0104.jpg 1 69 85 104 104
0162_0067_0021_0091_0091.jpg 1 67 21 91 91
0163_0033_0010_0118_0118.jpg 1 33 10 118 118
0164_0050_0078_0113_0113.jpg 1 50 78 113 113
0165_0085_0084_0072_0072.jpg 1 85 84 72 72
0166_0108_0115_0040_0040.jpg 1 108 115 40 40
0167_0056_0069_0056_0056.jpg 1 56 69 56 56
0168_0087_0042_0061_0061.jpg 1 87 42 61 61
0169_0017_0019_0106_0106.jpg 1 17 19 106 106
0170_0081_0018_0084_0084.jpg 1 81 18 84 84
0171_0054_0063_0124_0124.jpg 1 54 63 124 124
0172_0056_0091_0085_0085.jpg 1 56 91 85 85
0173_0056_0066_0109_0109.jpg 1 56 66 109 109
0174_0043_0048_0132_0132.jpg 1 43 48 132 132
0175_0070_0032_0072_0072.jpg 1 70 32 72 72
0176_0096_0022_0043_0043.jpg 1 96 22 43 43
0177_0057_0029_0106_0106.jpg 1 57 29 106 106
0178_0027_0051_0061_0061.jpg 1 27 51 61 61
0179_0020_0110_0069_0069.jpg 1 20 110 69 69
0180_0096_0081_0078_0078.jpg 1 96 81 78 78
0181_0124_0069_0033_0033.jpg 1 124 69 33 33
0182_0139_0094_0037_0037.jpg 1 139 94 37 37
0183_0141_0149_0025_0025.jpg 1 141 149 25 25
0184_0059_0105_0081_0081.jpg 1 59 105 81 81
0185_0048_0016_0094_0094.jpg 1 48 16 94 94
0186_0097_0042_0084_0084.jpg 1 97 42 84 84
0187_0022_0009_0112_0112.jpg 1 22 9 112 112
0188_0015_0027_0080_0080.jpg 1 15 27 80 80
0189_0040_0036_0125_0125.jpg 1 40 36 125 125
0190_0025_0063_0112_0112.jpg 1 25 63 112 112
0191_0010_0050_0101_0101.jpg 1 10 50 101 101
0192_0063_0094_0039_0039.jpg 1 63 94 39 39
0193_0100_0079_0071_0071.jpg 1 100 79 71 71
0194_0063_0079_0067_0067.jpg 1 63 79 67 67
0195_0023_0034_0025_0025.jpg 1 23 34 25 25
0196_0021_0022_0132_0132.jpg 1 21 22 132 132
0197_0096_0096_0088_0088.jpg 1 96 96 88 88
0198_0029_0013_0111_0111.jpg 1 29 13 111 111
0199_0057_0090_0027_0027.jpg 1 57 90 27 27
0200_0063_0051_0107_0107.jpg 1 63 51 107 107
0201_0082_0145_0036_0036.jpg 1 82 145 36 36
0202_0113_0031_0047_0047.jpg 1 113 31 47 47
0203_0039_0028_0137_0137.jpg 1 39 28 137 137
0204_0069_0103_0045_0045.jpg 1 69 103 45 45
0205_0061_0034_0097_0097.jpg 1 61 34 97 97
0206_0054_0046_0138_0138.jpg 1 54 46 138 138
0207_0094_0107_0079_0079.jpg 1 94 107 79 79
0208_0066_0027_0104_0104.jpg 1 66 27 104 104
0209_0020_0029_0123_0123.jpg 1 20 29 123 123
0210_0034_0043_0134_0134.jpg 1 34 43 134 134
0211_0044_0107_0060_0060.jpg 1 44 107 60 60
0212_0019_0033_0138_0138.jpg 1 19 33 138 138
0213_0046_0010_0132_0132.jpg 1 46 10 132 132
0214_0031_0096_0040_0040.jpg 1 31 96 40 40
0215_0148_0096_0032_0032.jpg 1 148 96 32 32
0216_0091_0042_0078_0078.jpg 1 91 42 78 78
0217_0121_0122_0063_0063.jpg 1 121 122 63 63
0218_0055_0027_0121_0121.jpg 1 55 27 121 121
0219_0044_0089_0051_0051.jpg 1 44 89 51 51
0220_0064_0043_0056_0056.jpg 1 64 43 56 56
0221_0038_0051_0138_0138.jpg 1 38 51 138 138
0222_0054_0024_0129_0129.jpg 1 54 24 129 129
0223_0072_0127_0057_0057.jpg 1 72 127 57 57
0224_0038_0035_0123_0123.jpg 1 38 35 123 123
0225_0022_0031_0128_0128.jpg 1 22 31 128 128
0226_0083_0137_0031_0031.jpg 1 83 137 31 31
0227_0023_0050_0030_0030.jpg 1 23 50 30 30
0228_0078_0030_0060_0060.jpg 1 78 30 60 60
0229_0029_0061_0052_0052.jpg 1 29 61 52 52
0230_0089_0081_0095_0095.jpg 1 89 81 95 95
0231_0048_0050_0114_0114.jpg 1 48 50 114 114
0232_0046_0047_0132_0132.jpg 1 46 47 132 132
0233_0055_0059_0073_0073.jpg 1 55 59 73 73
0234_0025_0127_0056_0056.jpg 1 25 127 56 56
0235_0057_0095_0084_0084.jpg 1 57 95 84 84
0236_0088_0031_0099_0099.jpg 1 88 31 99 99
0237_0051_0016_0133_0133.jpg 1 51 16 133 133
0238_0074_0091_0081_0081.jpg 1 74 91 81 81
0239_0034_0066_0112_0112.jpg 1 34 66 112 112
0240_0073_0015_0099_0099.jpg 1 73 15 99 99
0241_0051_0045_0119_0119.jpg 1 51 45 119 119
0242_0028_0015_0129_0129.jpg 1 28 15 129 129
0243_0104_0083_0027_0027.jpg 1 104 83 27 27
0244_0030_0033_0128_0128.jpg 1 30 33 128 128
0245_0036_0025_0131_0131.jpg 1 36 25 131 131
0246_0058_0017_0125_0125.jpg 1 58 17 125 125
0247_0072_0073_0080_0080.jpg 1 72 73 80 80
0248_0039_0049_0106_0106.jpg 1 39 49 106 106
0249_0017_0031_0139_0139.jpg 1 17 31 139 139
0250_0054_0144_0032_0032.jpg 1 54 144 32 32
0251_0044_0044_0126_0126.jpg 1 44 44 126 126
0252_0123_0075_0043_0043.jpg 1 123 75 43 43
0253_0016_0017_0128_0128.jpg 1 16 17 128 128
0254_0129_0100_0033_0033.jpg 1 129 100 33 33
0255_0088_0035_0078_0078.jpg 1 88 35 78 78
0256_0117_0055_0067_0067.jpg 1 117 55 67 67
0257_0070_0021_0113_0113.jpg 1 70 21 113 113
0258_0079_0124_0049_0049.jpg 1 79 124 49 49
0259_0044_0019_0138_0138.jpg 1 44 19 138 138
0260_0012_0057_0106_0106.jpg 1 12 57 106 106
0261_0034_0038_0120_0120.jpg 1 34 38 120 120
0262_0095_0024_0027_0027.jpg 1 95 24 27 27
0263_0047_0010_0120_0120.jpg 1 47 10 120 120
0264_0032_0132_0049_0049.jpg 1 32 132 49 49
0265_0027_0101_0044_0044.jpg 1 27 101 44 44
0266_0022_0094_0087_0087.jpg 1 22 94 87 87
0267_0066_0019_0100_0100.jpg 1 66 19 100 100
0268_0127_0093_0039_0039.jpg 1 127 93 39 39
0269_0062_0044_0057_0057.jpg 1 62 44 57 57
0270_0038_0065_0069_0069.jpg 1 38 65 69 69
0271_0100_0040_0034_0034.jpg 1 100 40 34 34
0272_0080_0107_0079_0079.jpg 1 80 107 79 79
0273_0066_0066_0104_0104.jpg 1 66 66 104 104
0274_0048_0065_0108_0108.jpg 1 48 65 108 108
0275_0019_0033_0093_0093.jpg 1 19 33 93 93
0276_0033_0020_0134_0134.jpg 1 33 20 134 134
0277_0097_0100_0063_0063.jpg 1 97 100 63 63
0278_0007_0022_0137_0137.jpg 1 7 22 137 137
0279_0061_0079_0103_0103.jpg 1 61 79 103 103
0280_0048_0015_0139_0139.jpg 1 48 15 139 139
0281_0041_0063_0124_0124.jpg 1 41 63 124 124
0282_0077_0058_0102_0102.jpg 1 77 58 102 102
0283_0017_0012_0115_0115.jpg 1 17 12 115 115
0284_0017_0075_0044_0044.jpg 1 17 75 44 44
0285_0044_0032_0096_0096.jpg 1 44 32 96 96
0286_0062_0048_0095_0095.jpg 1 62 48 95 95
0287_0061_0058_0116_0116.jpg 1 61 58 116 116
0288_0052_0020_0098_0098.jpg 1 52 20 98 98
0289_0100_0070_0036_0036.jpg 1 100 70 36 36
0290_0017_0051_0078_0078.jpg 1 17 51 78 78
0291_0016_0027_0095_0095.jpg 1 16 27 95 95
0292_0055_0027_0104_0104.jpg 1 55 27 104 104
0293_0109_0093_0073_0073.jpg 1 109 93 73 73
0294_0071_0022_0052_0052.jpg 1 71 22 52 52
0295_0079_0102_0024_0024.jpg 1 79 102 24 24
0296_0022_0083_0092_0092.jpg 1 22 83 92 92
0297_0022_0041_0090_0090.jpg 1 22 41 90 90
0298_0012_0033_0123_0123.jpg 1 12 33 123 123
0299_0099_0060_0084_0084.jpg 1 99 60 84 84
0300_0031_0012_0137_0137.jpg 1 31 12 137 137
0301_0070_0077_0051_0051.jpg 1 70 77 51 51
0302_0047_0014_0096_0096.jpg 1 47 14 96 96
0303_0117_0054_0066_0066.jpg 1 117 54 66 66
0304_0057_0055_0130_0130.jpg 1 57 55 130 130
0305_0126_0049_0034_0034.jpg 1 126 49 34 34
0306_0064_0029_0127_0127.jpg 1 64 29 127 127
0307_0043_0072_0097_0097.jpg 1 43 72 97 97
0308_0044_0084_0057_0057.jpg 1 44 84 57 57
0309_0090_0055_0077_0077.jpg 1 90 55 77 77
0310_0021_0092_0094_0094.jpg 1 21 92 94 94
0311_0071_0065_0108_0108.jpg 1 71 65 108 108
0312_0024_0043_0135_0135.jpg 1 24 43 135 135
0313_0067_0014_0057_0057.jpg 1 67 14 57 57
0314_0011_0043_0112_0112.jpg 1 11 43 112 112
0315_0071_0032_0056_0056.jpg 1 71 32 56 56
0316_0050_0048_0091_0091.jpg 1 50 48 91 91
0317_0037_0095_0079_0079.jpg 1 37 95 79 79
0318_0131_0046_0027_0027.jpg 1 131 46 27 27
0319_0102_0032_0056_0056.jpg 1 102 32 56 56
0320_0038_0073_0073_0073.jpg 1 38 73 73 73
0321_0069_0023_0076_0076.jpg 1 69 23 76 76
0322_0053_0061_0130_0130.jpg 1 53 61 130 130
0323_0008_0008_0131_0131.jpg 1 8 8 131 131
0324_0113_0045_0062_0062.jpg 1 113 45 62 62
0325_0076_0040_0024_0024.jpg 1 76 40 24 24
0326_0079_0069_0079_0079.jpg 1 79 69 79 79
0327_0145_0082_0036_0036.jpg 1 145 82 36 36
0328_0113_0109_0056_0056.jpg 1 113 109 56 56
0329_0092_0083_0092_0092.jpg 1 92 83 92 92
0330_0065_0042_0060_0060.jpg 1 65 42 60 60
0331_0126_0121_0046_0046.jpg 1 126 121 46 46
0332_0062_0030_0128_0128.jpg 1 62 30 128 128
0333_0075_0023_0102_0102.jpg 1 75 23 102 102
0334_0098_0024_0080_0080.jpg 1 98 24 80 80
0335_0087_0110_0030_0030.jpg 1 87 110 30 30
0336_0035_0043_0098_0098.jpg 1 35 43 98 98
0337_0102_0052_0068_0068.jpg 1 102 52 68 68
0338_0064_0080_0054_0054.jpg 1 64 80 54 54
0339_0127_0141_0030_0030.jpg 1 127 141 30 30
0340_0042_0028_0115_0115.jpg 1 42 28 115 115
0341_0017_0052_0139_0139.jpg 1 17 52 139 139
0342_0111_0065_0044_0044.jpg 1 111 65 44 44
0343_0020_0062_0089_0089.jpg 1 20 62 89 89
0344_0014_0052_0102_0102.jpg 1 14 52 102 102
0345_0055_0038_0135_0135.jpg 1 55 38 135 135
0346_0057_0062_0097_0097.jpg 1 57 62 97 97
0347_0059_0047_0105_0105.jpg 1 59 47 105 105
0348_0049_0104_0076_0076.jpg 1 49 104 76 76
0349_0044_0021_0139_0139.jpg 1 44 21 139 139
0350_0043_0127_0050_0050.jpg 1 43 127 50 50
0351_0012_0057_0099_0099.jpg 1 12 57 99 99
0352_0061_0059_0122_0122.jpg 1 61 59 122 122
0353_0022_0010_0121_0121.jpg 1 22 10 121 121
0354_0063_0079_0084_0084.jpg 1 63 79 84 84
0355_0096_0040_0050_0050.jpg 1 96 40 50 50
0356_0031_0028_0126_0126.jpg 1 31 28 126 126
0357_0044_0054_0131_0131.jpg 1 44 54 131 131
0358_0093_0038_0064_0064.jpg 1 93 38 64 64
0359_0084_0046_0090_0090.jpg 1 84 46 90 90
0360_0140_0147_0028_0028.jpg 1 140 147 28 28
0361_0047_0128_0050_0050.jpg 1 47 128 50 50
0362_0032_0025_0028_0028.jpg 1 32 25 28 28
0363_0017_0073_0104_0104.jpg 1 17 73 104 104
0364_0075_0043_0080_0080.jpg 1 75 43 80 80
0365_0075_0022_0076_0076.jpg 1 75 22 76 76
0366_0056_0040_0104_0104.jpg 1 56 40 104 104
0367_0106_0058_0046_0046.jpg 1 106 58 46 46
0368_0063_0050_0118_0118.jpg 1 63 50 118 118
0369_0027_0065_0091_0091.jpg 1 27 65 91 91
0370_0049_0077_0113_0113.jpg 1 49 77 113 113
0371_0109_0094_0039_0039.jpg 1 109 94 39 39
0372_0091_0036_0069_0069.jpg 1 91 36 69 69
0373_0021_0038_0082_0082.jpg 1 21 38 82 82
0374_0064_0039_0037_0037.jpg 1 64 39 37 37
0375_0048_0019_0136_0136.jpg 1 48 19 136 136
0376_0098_0064_0077_0077.jpg 1 98 64 77 77
0377_0009_0050_0138_0138.jpg 1 9 50 138 138
0378_0057_0044_0030_0030.jpg 1 57 44 30 30
0379_0094_0080_0085_0085.jpg 1 94 80 85 85
0380_0033_0009_0127_0127.jpg 1 33 9 127 127
0381_0014_0072_0119_0119.jpg 1 14 72 119 119
0382_0100_0056_0075_0075.jpg 1 100 56 75 75
0383_0075_0081_0072_0072.jpg 1 75 81 72 72
0384_0036_0066_0125_0125.jpg 1 36 66 125 125
0385_0072_0012_0087_0087.jpg 1 72 12 87 87
0386_0101_0127_0048_0048.jpg 1 101 127 48 48
0387_0049_0054_0052_0052.jpg 1 49 54 52 52
0388_0084_0060_0038_0038.jpg 1 84 60 38 38
0389_0029_0033_0137_0137.jpg 1 29 33 137 137
0390_0128_0045_0024_0024.jpg 1 128 45 24 24
0391_0131_0135_0048_0048.jpg 1 131 135 48 48
0392_0110_0047_0057_0057.jpg 1 110 47 57 57
0393_0132_0060_0028_0028.jpg 1 132 60 28 28
0394_0016_0015_0123_0123.jpg 1 16 15 123 123
0395_0056_0062_0097_0097.jpg 1 56 62 97 97
0396_0056_0018_0124_0124.jpg 1 56 18 124 124
0397_0076_0019_0097_0097.jpg 1 76 19 97 97
0398_0072_0009_0116_0116.jpg 1 72 9 116 116
0399_0038_0050_0121_0121.jpg 1 38 50 121 121
0400_0047_0028_0030_0030.jpg 1 47 28 30 30
0401_0104_0116_0053_0053.jpg 1 104 116 53 53
0402_0063_0049_0125_0125.jpg 1 63 49 125 125
0403_0097_0096_0052_0052.jpg 1 97 96 52 52
0404_0126_0041_0054_0054.jpg 1 126 41 54 54
0405_0133_0109_0050_0050.jpg 1 133 109 50 50
0406_0097_0119_0055_0055.jpg 1 97 119 55 55
0407_0083_0089_0052_0052.jpg 1 83 89 52 52
0408_0125_0082_0053_0053.jpg 1 125 82 53 53
0409_0105_0063_0069_0069.jpg 1 105 63 69 69
0410_0056_0012_0096_0096.jpg 1 56 12 96 96
0411_0059_0127_0040_0040.jpg 1 59 127 40 40
0412_0044_0043_0103_0103.jpg 1 44 43 103 103
0413_0089_0076_0049_0049.jpg 1 89 76 49 49
0414_0058_0047_0079_0079.jpg 1 58 47 79 79
0415_0050_0007_0130_0130.jpg 1 50 7 130 130
0416_0074_0020_0069_0069.jpg 1 74 20 69 69
0417_0030_0027_0127_0127.jpg 1 30 27 127 127
0418_0013_0031_0120_0120.jpg 1 13 31 120 120
0419_0053_0033_0034_0034.jpg 1 53 33 34 34
0420_0131_0020_0042_0042.jpg 1 131 20 42 42
0421_0045_0032_0040_0040.jpg 1 45 32 40 40
0422_0041_0057_0092_0092.jpg 1 41 57 92 92
0423_0067_0060_0093_0093.jpg 1 67 60 93 93
0424_0031_0136_0034_0034.jpg 1 31 136 34 34
0425_0011_0036_0130_0130.jpg 1 11 36 130 130
0426_0038_0024_0056_0056.jpg 1 38 24 56 56
0427_0037_0110_0050_0050.jpg 1 37 110 50 50
0428_0110_0077_0070_0070.jpg 1 110 77 70 70
0429_0034_0010_0128_0128.jpg 1 34 10 128 128
0430_0048_0046_0044_0044.jpg 1 48 46 44 44
0431_0025_0052_0098_0098.jpg 1 25 52 98 98
0432_0032_0075_0108_0108.jpg 1 32 75 108 108
0433_0055_0031_0056_0056.jpg 1 55 31 56 56
0434_0063_0023_0025_0025.jpg 1 63 23 25 25
0435_0092_0060_0044_0044.jpg 1 92 60 44 44
0436_0044_0019_0081_0081.jpg 1 44 19 81 81
0437_0049_0011_0125_0125.jpg 1 49 11 125 125
0438_0054_0028_0100_0100.jpg 1 54 28 100 100
0439_0007_0036_0138_0138.jpg 1 7 36 138 138
0440_0070_0024_0121_0121.jpg 1 70 24 121 121
0441_0094_0059_0049_0049.jpg 1 94 59 49 49
0442_0150_0045_0027_0027.jpg 1 150 45 27 27
0443_0036_0041_0123_0123.jpg 1 36 41 123 123
0444_0066_0093_0051_0051.jpg 1 66 93 51 51
0445_0014_0046_0108_0108.jpg 1 14 46 108 108
0446_0036_0033_0121_0121.jpg 1 36 33 121 121
0447_0076_0055_0051_0051.jpg 1 76 55 51 51
0448_0020_0087_0086_0086.jpg 1 20 87 86 86
0449_0052_0141_0024_0024.jpg 1 52 141 24 24
0450_0045_0050_0087_0087.jpg 1 45 50 87 87
0451_0018_0020_0124_0124.jpg 1 18 20 124 124
0452_0023_0052_0122_0122.jpg 1 23 52 122 122
0453_0090_0030_0095_0095.jpg 1 90 30 95 95
0454_0067_0041_0119_0119.jpg 1 67 41 119 119
0455_0015_0045_0087_0087.jpg 1 15 45 87 87
0456_0015_0051_0127_0127.jpg 1 15 51 127 127
0457_0012_0089_0097_0097.jpg 1 12 89 97 97
0458_0013_0090_0065_0065.jpg 1 13 90 65 65
0459_0112_0089_0053_0053.jpg 1 112 89 53 53
0460_0088_0121_0052_0052.jpg 1 88 121 52 52
0461_0061_0041_0051_0051.jpg 1 61 41 51 51
0462_0047_0027_0088_0088.jpg 1 47 27 88 88
0463_0119_0058_0067_0067.jpg 1 119 58 67 67
0464_0026_0041_0114_0114.jpg 1 26 41 114 114
0465_0069_0085_0054_0054.jpg 1 69 85 54 54
0466_0009_0009_0137_0137.jpg 1 9 9 137 137
0467_0018_0030_0117_0117.jpg 1 18 30 117 117
0468_0011_0066_0120_0120.jpg 1 11 66 120 120
0469_0015_0057_0129_0129.jpg 1 15 57 129 129
0470_0066_0026_0041_0041.jpg 1 66 26 41 41
0471_0050_0036_0135_0135.jpg 1 50 36 135 135
0472_0028_0051_0126_0126.jpg 1 28 51 126 126
0473_0091_0091_0077_0077.jpg 1 91 91 77 77
0474_0083_0035_0060_0060.jpg 1 83 35 60 60
0475_0030_0110_0069_0069.jpg 1 30 110 69 69
0476_0045_0052_0092_0092.jpg 1 45 52 92 92
0477_0037_0044_0114_0114.jpg 1 37 44 114 114
0478_0013_0041_0122_0122.jpg 1 13 41 122 122
0479_0025_0032_0122_0122.jpg 1 25 32 122 122
0480_0081_0098_0075_0075.jpg 1 81 98 75 75
0481_0031_0067_0062_0062.jpg 1 31 67 62 62
0482_0041_0048_0075_0075.jpg 1 41 48 75 75
0483_0036_0041_0122_0122.jpg 1 36 41 122 122
0484_0015_0026_0072_0072.jpg 1 15 26 72 72
0485_0130_0109_0040_0040.jpg 1 130 109 40 40
0486_0030_0064_0097_0097.jpg 1 30 64 97 97
0487_0033_0024_0081_0081.jpg 1 33 24 81 81
0488_0133_0073_0028_0028.jpg 1 133 73 28 28
0489_0056_0038_0123_0123.jpg 1 56 38 123 123
0490_0044_0075_0088_0088.jpg 1 44 75 88 88
0491_0078_0049_0065_0065.jpg 1 78 49 65 65
0492_0043_0016_0136_0136.jpg 1 43 16 136 136
0493_0027_0072_0116_0116.jpg 1 27 72 116 116
0494_0121_0047_0032_0032.jpg 1 121 47 32 32
0495_0056_0032_0133_0133.jpg 1 56 32 133 133
0496_0040_0046_0137_0137.jpg 1 40 46 137 137
0497_0070_0019_0089_0089.jpg 1 70 19 89 89
0498_0103_0018_0084_0084.jpg 1 103 18 84 84
0499_0051_0012_0085_0085.jpg 1 51 12 85 85
0500_0024_0108_0079_0079.jpg 1 24 108 79 79
0501_0045_0117_0064_0064.jpg 1 45 117 64 64
0502_0018_0077_0069_0069.jpg 1 18 77 69 69
0503_0037_0063_0121_0121.jpg 1 37 63 121 121
0504_0138_0091_0028_0028.jpg 1 138 91 28 28
0505_0079_0088_0082_0082.jpg 1 79 88 82 82
0506_0105_0036_0061_0061.jpg 1 105 36 61 61
0507_0060_0061_0118_0118.jpg 1 60 61 118 118
0508_0006_0034_0133_0133.jpg 1 6 34 133 133
0509_0041_0045_0085_0085.jpg 1 41 45 85 85
0510_0118_0110_0027_0027.jpg 1 118 110 27 27
0511_0099_0044_0085_0085.jpg 1 99 44 85 85
0512_0027_0095_0039_0039.jpg 1 27 95 39 39
0513_0020_0075_0116_0116.jpg 1 20 75 116 116
0514_0074_0080_0078_0078.jpg 1 74 80 78 78
0515_0105_0053_0065_0065.jpg 1 105 53 65 65
0516_0105_0134_0042_0042.jpg 1 105 134 42 42
0517_0115_0069_0031_0031.jpg 1 115 69 31 31
0518_0058_0080_0107_0107.jpg 1 58 80 107 107
0519_0061_0077_0033_0033.jpg 1 61 77 33 33
0520_0109_0049_0033_0033.jpg 1 109 49 33 33
0521_0041_0017_0130_0130.jpg 1 41 17 130 130
0522_0093_0029_0095_0095.jpg 1 93 29 95 95
0523_0093_0062_0083_0083.jpg 1 93 62 83 83
0524_0060_0060_0097_0097.jpg 1 60 60 97 97
0525_0095_0122_0049_0049.jpg 1 95 122 49 49
0526_0012_0097_0089_0089.jpg 1 12 97 89 89
0527_0033_0019_0120_0120.jpg 1 33 19 120 120
0528_0024_0033_0111_0111.jpg 1 24 33 111 111
0529_0084_0076_0064_0064.jpg 1 84 76 64 64
0530_0021_0151_0031_0031.jpg 1 21 151 31 31
0531_0045_0143_0034_0034.jpg 1 45 143 34 34
0532_0056_0096_0060_0060.jpg 1 56 96 60 60
0533_0100_0045_0059_0059.jpg 1 100 45 59 59
0534_0060_0035_0129_0129.jpg 1 60 35 129 129
0535_0115_0132_0049_0049.jpg 1 115 132 49 49
0536_0046_0043_0092_0092.jpg 1 46 43 92 92
0537_0024_0031_0139_0139.jpg 1 24 31 139 139
0538_0075_0058_0111_0111.jpg 1 75 58 111 111
0539_0022_0092_0043_0043.jpg 1 22 92 43 43
0540_0091_0045_0097_0097.jpg 1 91 45 97 97
0541_0042_0027_0097_0097.jpg 1 42 27 97 97
0542_0023_0058_0092_0092.jpg 1 23 58 92 92
0543_0018_0060_0115_0115.jpg 1 18 60 115 115
0544_0024_0096_0033_0033.jpg 1 24 96 33 33
0545_0016_0023_0100_0100.jpg 1 16 23 100 100
0546_0020_0017_0100_0100.jpg 1 20 17 100 100
0547_0088_0107_0041_0041.jpg 1 88 107 41 41
0548_0075_0061_0080_0080.jpg 1 75 61 80 80
0549_0021_0034_0100_0100.jpg 1 21 34 100 100
0550_0010_0041_0117_0117.jpg 1 10 41 117 117
0551_0064_0050_0093_0093.jpg 1 64 50 93 93
0552_0060_0041_0119_0119.jpg 1 60 41 119 119
0553_0072_0097_0054_0054.jpg 1 72 97 54 54
0554_0039_0023_0044_0044.jpg 1 39 23 44 44
0555_0142_0113_0032_0032.jpg 1 142 113 32 32
0556_0095_0081_0043_0043.jpg 1 95 81 43 43
0557_0063_0050_0095_0095.jpg 1 63 50 95 95
0558_0146_0043_0037_0037.jpg 1 146 43 37 37
0559_0069_0012_0121_0121.jpg 1 69 12 121 121
0560_0011_0100_0087_0087.jpg 1 11 100 87 87
0561_0022_0055_0115_0115.jpg 1 22 55 115 115
0562_0055_0037_0031_0031.jpg 1 55 37 31 31
0563_0097_0020_0071_0071.jpg 1 97 20 71 71
0564_0049_0023_0083_0083.jpg 1 49 23 83 83
0565_0050_0014_0131_0131.jpg 1 50 14 131 131
0566_0095_0062_0091_0091.jpg 1 95 62 91 91
0567_0081_0021_0030_0030.jpg 1 81 21 30 30
0568_0050_0011_0135_0135.jpg 1 50 11 135 135
0569_0072_0088_0091_0091.jpg 1 72 88 91 91
0570_0095_0010_0092_0092.jpg 1 95 10 92 92
0571_0046_0102_0049_0049.jpg 1 46 102 49 49
0572_0095_0099_0056_0056.jpg 1 95 99 56 56
0573_0024_0052_0120_0120.jpg 1 24 52 120 120
0574_0069_0014_0118_0118.jpg 1 69 14 118 118
0575_0077_0080_0097_0097.jpg 1 77 80 97 97
0576_0090_0051_0067_0067.jpg 1 90 51 67 67
0577_0079_0024_0102_0102.jpg 1 79 24 102 102
0578_0025_0131_0033_0033.jpg 1 25 131 33 33
0579_0041_0048_0118_0118.jpg 1 41 48 118 118
0580_0037_0030_0106_0106.jpg 1 37 30 106 106
0581_0021_0070_0080_0080.jpg 1 21 70 80 80
0582_0089_0088_0037_0037.jpg 1 89 88 37 37
0583_0016_0070_0121_0121.jpg 1 16 70 121 121
0584_0031_0014_0114_0114.jpg 1 31 14 114 114
0585_0013_0037_0126_0126.jpg 1 13 37 126 126
0586_0088_0093_0080_0080.jpg 1 88 93 80 80
0587_0021_0046_0111_0111.jpg 1 21 46 111 111
0588_0101_0106_0065_0065.jpg 1 101 106 65 65
0589_0066_0034_0058_0058.jpg 1 66 34 58 58
0590_0014_0031_0126_0126.jpg 1 14 31 126 126
0591_0060_0071_0094_0094.jpg 1 60 71 94 94
0592_0011_0046_0119_0119.jpg 1 11 46 119 119
0593_0020_0048_0032_0032.jpg 1 20 48 32 32
0594_0078_0124_0038_0038.jpg 1 78 124 38 38
0595_0035_0043_0061_0061.jpg 1 35 43 61 61
0596_0063_0094_0085_0085.jpg 1 63 94 85 85
0597_0019_0050_0136_0136.jpg 1 19 50 136 136
0598_0018_0064_0087_0087.jpg 1 18 64 87 87
0599_0096_0093_0063_0063.jpg 1 96 93 63 63
0600_0071_0014_0114_0114.jpg 1 71 14 114 114
0601_0071_0033_0049_0049.jpg 1 71 33 49 49
0602_0098_0044_0077_0077.jpg 1 98 44 77 77
0603_0034_0041_0073_0073.jpg 1 34 41 73 73
0604_0022_0037_0030_0030.jpg 1 22 37 30 30
0605_0042_0012_0125_0125.jpg 1 42 12 125 125
0606_0061_0029_0065_0065.jpg 1 61 29 65 65
0607_0090_0087_0085_0085.jpg 1 90 87 85 85
0608_0053_0060_0109_0109.jpg 1 53 60 109 109
0609_0050_0043_0081_0081.jpg 1 50 43 81 81
0610_0018_0092_0074_0074.jpg 1 18 92 74 74
0611_0033_0040_0090_0090.jpg 1 33 40 90 90
0612_0057_0011_0127_0127.jpg 1 57 11 127 127
0613_0085_0039_0101_0101.jpg 1 85 39 101 101
0614_0140_0132_0043_0043.jpg 1 140 132 43 43
0615_0022_0047_0116_0116.jpg 1 22 47 116 116
0616_0032_0077_0068_0068.jpg 1 32 77 68 68
0617_0102_0013_0069_0069.jpg 1 102 13 69 69
0618_0070_0105_0049_0049.jpg 1 70 105 49 49
0619_0106_0112_0025_0025.jpg 1 106 112 25 25
0620_0135_0113_0047_0047.jpg 1 135 113 47 47
0621_0031_0083_0100_0100.jpg 1 31 83 100 100
0622_0105_0057_0080_0080.jpg 1 105 57 80 80
0623_0026_0025_0064_0064.jpg 1 26 25 64 64
0624_0054_0023_0043_0043.jpg 1 54 23 43 43
0625_0009_0050_0135_0135.jpg 1 9 50 135 135
0626_0009_0051_0131_0131.jpg 1 9 51 131 131
0627_0040_0067_0119_0119.jpg 1 40 67 119 119
0628_0050_0053_0097_0097.jpg 1 50 53 97 97
0629_0127_0033_0047_0047.jpg 1 127 33 47 47
0630_0062_0049_0078_0078.jpg 1 62 49 78 78
0631_0087_0064_0088_0088.jpg 1 87 64 88 88
0632_0067_0054_0106_0106.jpg 1 67 54 106 106
0633_0020_0018_0116_0116.jpg 1 20 18 116 116
0634_0019_0062_0104_0104.jpg 1 19 62 104 104
0635_0042_0016_0104_0104.jpg 1 42 16 104 104
0636_0059_0067_0025_0025.jpg 1 59 67 25 25
0637_0068_0033_0049_0049.jpg 1 68 33 49 49
0638_0022_0013_0117_0117.jpg 1 22 13 117 117
0639_0036_0036_0031_0031.jpg 1 36 36 31 31
0640_0107_0105_0075_0075.jpg 1 107 105 75 75
0641_0150_0052_0032_0032.jpg 1 150 52 32 32
0642_0046_0035_0130_0130.jpg 1 46 35 130 130
0643_0013_0057_0114_0114.jpg 1 13 57 114 114
0644_0119_0119_0059_0059.jpg 1 119 119 59 59
0645_0009_0069_0115_0115.jpg 1 9 69 115 115
0646_0043_0018_0050_0050.jpg 1 43 18 50 50
0647_0046_0030_0109_0109.jpg 1 46 30 109 109
0648_0027_0121_0046_0046.jpg 1 27 121 46 46
0649_0043_0046_0078_0078.jpg 1 43 46 78 78
0650_0022_0039_0110_0110.jpg 1 22 39 110 110
0651_0057_0061_0109_0109.jpg 1 57 61 109 109
0652_0015_0030_0053_0053.jpg 1 15 30 53 53
0653_0078_0085_0082_0082.jpg 1 78 85 82 82
0654_0050_0083_0082_0082.jpg 1 50 83 82 82
0655_0065_0027_0075_0075.jpg 1 65 27 75 75
0656_0027_0051_0137_0137.jpg 1 27 51 137 137
0657_0026_0075_0090_0090.jpg 1 26 75 90 90
0658_0018_0008_0138_0138.jpg 1 18 8 138 138
0659_0124_0130_0045_0045.jpg 1 124 130 45 45
0660_0019_0046_0058_0058.jpg 1 19 46 58 58
0661_0126_0062_0050_0050.jpg 1 126 62 50 50
0662_0008_0008_0133_0133.jpg 1 8 8 133 133
0663_0072_0134_0040_0040.jpg 1 72 134 40 40
0664_0033_0066_0116_0116.jpg 1 33 66 116 116
0665_0045_0112_0064_0064.jpg 1 45 112 64 64
0666_0016_0065_0126_0126.jpg 1 16 65 126 126
0667_0016_0018_0107_0107.jpg 1 16 18 107 107
0668_0058_0095_0083_0083.jpg 1 58 95 83 83
0669_0040_0053_0032_0032.jpg 1 40 53 32 32
0670_0061_0072_0095_0095.jpg 1 61 72 95 95
0671_0028_0089_0080_0080.jpg 1 28 89 80 80
0672_0102_0019_0052_0052.jpg 1 102 19 52 52
0673_0085_0021_0054_0054.jpg 1 85 21 54 54
0674_0058_0043_0085_0085.jpg 1 58 43 85 85
0675_0126_0034_0053_0053.jpg 1 126 34 53 53
0676_0013_0050_0112_0112.jpg 1 13 50 112 112
0677_0066_0071_0092_0092.jpg 1 66 71 92 92
0678_0022_0104_0068_0068.jpg 1 22 104 68 68
0679_0085_0023_0064_0064.jpg 1 85 23 64 64
0680_0029_0063_0116_0116.jpg 1 29 63 116 116
0681_0018_0031_0030_0030.jpg 1 18 31 30 30
0682_0099_0037_0035_0035.jpg 1 99 37 35 35
0683_0020_0039_0074_0074.jpg 1 20 39 74 74
0684_0058_0105_0054_0054.jpg 1 58 105 54 54
0685_0019_0065_0080_0080.jpg 1 19 65 80 80
0686_0054_0042_0138_0138.jpg 1 54 42 138 138
0687_0059_0080_0063_0063.jpg 1 59 80 63 63
0688_0048_0061_0112_0112.jpg 1 48 61 112 112
0689_0057_0049_0118_0118.jpg 1 57 49 118 118
0690_0015_0016_0109_0109.jpg 1 15 16 109 109
0691_0065_0042_0067_0067.jpg 1 65 42 67 67
0692_0091_0076_0024_0024.jpg 1 91 76 24 24
0693_0020_0025_0126_0126.jpg 1 20 25 126 126
0694_0045_0042_0127_0127.jpg 1 45 42 127 127
0695_0096_0134_0027_0027.jpg 1 96 134 27 27
0696_0086_0132_0052_0052.jpg 1 86 132 52 52
0697_0083_0029_0089_0089.jpg 1 83 29 89 89
0698_0033_0024_0058_0058.jpg 1 33 24 58 58
0699_0041_0066_0107_0107.jpg 1 41 66 107 107
0700_0038_0054_0114_0114.jpg 1 38 54 114 114
0701_0088_0041_0098_0098.jpg 1 88 41 98 98
0702_0011_0062_0127_0127.jpg 1 11 62 127 127
0703_0076_0060_0079_0079.jpg 1 76 60 79 79
0704_0032_0029_0137_0137.jpg 1 32 29 137 137
0705_0037_0047_0032_0032.jpg 1 37 47 32 32
0706_0048_0034_0112_0112.jpg 1 48 34 112 112
0707_0036_0019_0123_0123.jpg 1 36 19 123 123
0708_0044_0085_0082_0082.jpg 1 44 85 82 82
0709_0072_0059_0094_0094.jpg 1 72 59 94 94
0710_0038_0073_0116_0116.jpg 1 38 73 116 116
0711_0029_0030_0116_0116.jpg 1 29 30 116 116
0712_0011_0019_0122_0122.jpg 1 11 19 122 122
0713_0013_0070_0121_0121.jpg 1 13 70 121 121
0714_0125_0050_0028_0028.jpg 1 125 50 28 28
0715_0071_0019_0074_0074.jpg 1 71 19 74 74
0716_0025_0025_0116_0116.jpg 1 25 25 116 116
0717_0114_0035_0039_0039.jpg 1 114 35 39 39
0718_0081_0018_0078_0078.jpg 1 81 18 78 78
0719_0030_0038_0127_0127.jpg 1 30 38 127 127
0720_0081_0026_0055_0055.jpg 1 81 26 55 55
0721_0061_0118_0056_0056.jpg 1 61 118 56 56
0722_0017_0021_0067_0067.jpg 1 17 21 67 67
0723_0024_0077_0084_0084.jpg 1 24 77 84 84
0724_0066_0023_0054_0054.jpg 1 66 23 54 54
0725_0030_0125_0058_0058.jpg 1 30 125 58 58
0726_0074_0098_0043_0043.jpg 1 74 98 43 43
0727_0096_0021_0086_0086.jpg 1 96 21 86 86
0728_0025_0037_0056_0056.jpg 1 25 37 56 56
0729_0038_0019_0126_0126.jpg 1 38 19 126 126
0730_0019_0091_0061_0061.jpg 1 19 91 61 61
0731_0052_0052_0066_0066.jpg 1 52 52 66 66
0732_0049_0110_0029_0029.jpg 1 49 110 29 29
0733_0072_0009_0111_0111.jpg 1 72 9 111 111
0734_0060_0013_0069_0069.jpg 1 60 13 69 69
0735_0036_0023_0124_0124.jpg 1 36 23 124 124
0736_0048_0022_0103_0103.jpg 1 48 22 103 103
0737_0069_0057_0063_0063.jpg 1 69 57 63 63
0738_0064_0038_0110_0110.jpg 1 64 38 110 110
0739_0023_0039_0045_0045.jpg 1 23 39 45 45
0740_0037_0099_0061_0061.jpg 1 37 99 61 61
0741_0046_0017_0133_0133.jpg 1 46 17 133 133
0742_0075_0070_0090_0090.jpg 1 75 70 90 90
0743_0050_0067_0092_0092.jpg 1 50 67 92 92
0744_0125_0087_0026_0026.jpg 1 125 87 26 26
0745_0091_0060_0088_0088.jpg 1 91 60 88 88
0746_0048_0028_0139_0139.jpg 1 48 28 139 139
0747_0093_0058_0082_0082.jpg 1 93 58 82 82
0748_0011_0015_0125_0125.jpg 1 11 15 125 125
0749_0086_0073_0040_0040.jpg 1 86 73 40 40
0750_0067_0104_0039_0039.jpg 1 67 104 39 39
0751_0128_0090_0048_0048.jpg 1 128 90 48 48
0752_0037_0020_0079_0079.jpg 1 37 20 79 79
0753_0016_0030_0095_0095.jpg 1 16 30 95 95
0754_0022_0042_0105_0105.jpg 1 22 42 105 105
0755_0112_0090_0073_0073.jpg 1 112 90 73 73
0756_0063_0012_0084_0084.jpg 1 63 12 84 84
0757_0062_0060_0102_0102.jpg 1 62 60 102 102
0758_0112_0020_0062_0062.jpg 1 112 20 62 62
0759_0018_0108_0072_0072.jpg 1 18 108 72 72
0760_0041_0048_0127_0127.jpg 1 41 48 127 127
0761_0070_0107_0058_0058.jpg 1 70 107 58 58
0762_0015_0046_0059_0059.jpg 1 15 46 59 59
0763_0055_0043_0135_0135.jpg 1 55 43 135 135
0764_0064_0096_0088_0088.jpg 1 64 96 88 88
0765_0063_0052_0046_0046.jpg 1 63 52 46 46
0766_0093_0102_0057_0057.jpg 1 93 102 57 57
0767_0103_0079_0041_0041.jpg 1 103 79 41 41
0768_0010_0041_0131_0131.jpg 1 10 41 131 131
0769_0046_0013_0134_0134.jpg 1 46 13 134 134
0770_0107_0112_0067_0067.jpg 1 107 112 67 67
0771_0088_0027_0051_0051.jpg 1 88 27 51 51
0772_0019_0035_0135_0135.jpg 1 19 35 135 135
0773_0070_0041_0073_0073.jpg 1 70 41 73 73
0774_0026_0027_0110_0110.jpg 1 26 27 110 110
0775_0048_0071_0108_0108.jpg 1 48 71 108 108
0776_0149_0071_0033_0033.jpg 1 149 71 33 33
0777_0069_0136_0030_0030.jpg 1 69 136 30 30
0778_0041_0013_0093_0093.jpg 1 41 13 93 93
0779_0061_0014_0109_0109.jpg 1 61 14 109 109
0780_0051_0119_0047_0047.jpg 1 51 119 47 47
0781_0047_0065_0117_0117.jpg 1 47 65 117 117
0782_0109_0124_0024_0024.jpg 1 109 124 24 24
0783_0078_0050_0073_0073.jpg 1 78 50 73 73
0784_0124_0042_0052_0052.jpg 1 124 42 52 52
0785_0037_0028_0135_0135.jpg 1 37 28 135 135
0786_0090_0121_0029_0029.jpg 1 90 121 29 29
0787_0030_0044_0108_0108.jpg 1 30 44 108 108
0788_0025_0039_0068_0068.jpg 1 25 39 68 68
0789_0025_0092_0056_0056.jpg 1 25 92 56 56
0790_0043_0041_0132_0132.jpg 1 43 41 132 132
0791_0034_0086_0043_0043.jpg 1 34 86 43 43
0792_0079_0058_0054_0054.jpg 1 79 58 54 54
0793_0058_0020_0056_0056.jpg 1 58 20 56 56
0794_0028_0015_0123_0123.jpg 1 28 15 123 123
0795_0136_0124_0044_0044.jpg 1 136 124 44 44
0796_0080_0054_0092_0092.jpg 1 80 54 92 92
0797_0086_0040_0100_0100.jpg 1 86 40 100 100
0798_0037_0060_0044_0044.jpg 1 37 60 44 44
0799_0098_0078_0034_0034.jpg 1 98 78 34 34
0800_0056_0061_0109_0109.jpg 1 56 61 109 109
0801_0044_0032_0034_0034.jpg 1 44 32 34 34
0802_0024_0006_0138_0138.jpg 1 24 6 138 138
0803_0135_0019_0049_0049.jpg 1 135 19 49 49
0804_0045_0044_0126_0126.jpg 1 45 44 126 126
0805_0016_0014_0137_0137.jpg 1 16 14 137 137
0806_0079_0058_0058_0058.jpg 1 79 58 58 58
0807_0080_0063_0067_0067.jpg 1 80 63 67 67
0808_0122_0078_0047_0047.jpg 1 122 78 47 47
0809_0045_0070_0058_0058.jpg 1 45 70 58 58
0810_0014_0068_0109_0109.jpg 1 14 68 109 109
0811_0015_0031_0115_0115.jpg 1 15 31 115 115
0812_0132_0066_0035_0035.jpg 1 132 66 35 35
0813_0016_0071_0062_0062.jpg 1 16 71 62 62
0814_0038_0059_0069_0069.jpg 1 38 59 69 69
0815_0087_0113_0059_0059.jpg 1 87 113 59 59
0816_0054_0092_0024_0024.jpg 1 54 92 24 24
0817_0084_0134_0032_0032.jpg 1 84 134 32 32
0818_0071_0083_0101_0101.jpg 1 71 83 101 101
0819_0060_0097_0066_0066.jpg 1 60 97 66 66
0820_0018_0051_0116_0116.jpg 1 18 51 116 116
0821_0058_0017_0088_0088.jpg 1 58 17 88 88
0822_0072_0037_0094_0094.jpg 1 72 37 94 94
0823_0147_0153_0027_0027.jpg 1 147 153 27 27
0824_0033_0096_0075_0075.jpg 1 33 96 75 75
0825_0057_0017_0123_0123.jpg 1 57 17 123 123
0826_0015_0050_0103_0103.jpg 1 15 50 103 103
0827_0031_0047_0139_0139.jpg 1 31 47 139 139
0828_0093_0079_0072_0072.jpg 1 93 79 72 72
0829_0123_0140_0039_0039.jpg 1 123 140 39 39
0830_0058_0021_0127_0127.jpg 1 58 21 127 127
0831_0020_0036_0135_0135.jpg 1 20 36 135 135
0832_0088_0021_0036_0036.jpg 1 88 21 36 36
0833_0017_0095_0033_0033.jpg 1 17 95 33 33
0834_0039_0020_0081_0081.jpg 1 39 20 81 81
0835_0039_0041_0119_0119.jpg 1 39 41 119 119
0836_0063_0097_0065_0065.jpg 1 63 97 65 65
0837_0123_0047_0057_0057.jpg 1 123 47 57 57
0838_0052_0023_0076_0076.jpg 1 52 23 76 76
0839_0085_0052_0104_0104.jpg 1 85 52 104 104
0840_0125_0080_0030_0030.jpg 1 125 80 30 30
0841_0035_0068_0102_0102.jpg 1 35 68 102 102
0842_0010_0039_0107_0107.jpg 1 10 39 107 107
0843_0057_0045_0103_0103.jpg 1 57 45 103 103
0844_0109_0035_0071_0071.jpg 1 109 35 71 71
0845_0034_0020_0132_0132.jpg 1 34 20 132 132
0846_0012_0036_0133_0133.jpg 1 12 36 133 133
0847_0018_0129_0053_0053.jpg 1 18 129 53 53
0848_0035_0011_0130_0130.jpg 1 35 11 130 130
0849_0057_0042_0123_0123.jpg 1 57 42 123 123
0850_0050_0029_0068_0068.jpg 1 50 29 68 68
0851_0023_0052_0138_0138.jpg 1 23 52 138 138
0852_0026_0080_0109_0109.jpg 1 26 80 109 109
0853_0070_0055_0101_0101.jpg 1 70 55 101 101
0854_0020_0058_0099_0099.jpg 1 20 58 99 99
0855_0026_0050_0047_0047.jpg 1 26 50 47 47
0856_0096_0053_0059_0059.jpg 1 96 53 59 59
0857_0031_0017_0046_0046.jpg 1 31 17 46 46
0858_0051_0017_0101_0101.jpg 1 51 17 101 101
0859_0071_0051_0116_0116.jpg 1 71 51 116 116
0860_0072_0072_0116_0116.jpg 1 72 72 116 116
0861_0011_0099_0085_0085.jpg 1 11 99 85 85
0862_0056_0020_0132_0132.jpg 1 56 20 132 132
0863_0030_0078_0048_0048.jpg 1 30 78 48 48
0864_0063_0035_0094_0094.jpg 1 63 35 94 94
0865_0046_0014_0134_0134.jpg 1 46 14 134 134
0866_0124_0030_0037_0037.jpg 1 124 30 37 37
0867_0042_0120_0063_0063.jpg 1 42 120 63 63
0868_0038_0034_0114_0114.jpg 1 38 34 114 114
0869_0011_0015_0108_0108.jpg 1 11 15 108 108
0870_0025_0057_0027_0027.jpg 1 25 57 27 27
0871_0084_0078_0050_0050.jpg 1 84 78 50 50
0872_0057_0050_0131_0131.jpg 1 57 50 131 131
0873_0036_0026_0100_0100.jpg 1 36 26 100 100
0874_0114_0066_0073_0073.jpg 1 114 66 73 73
0875_0019_0098_0050_0050.jpg 1 19 98 50 50
0876_0021_0090_0033_0033.jpg 1 21 90 33 33
0877_0008_0056_0124_0124.jpg 1 8 56 124 124
0878_0137_0043_0036_0036.jpg 1 137 43 36 36
0879_0017_0030_0130_0130.jpg 1 17 30 130 130
0880_0067_0097_0092_0092.jpg 1 67 97 92 92
0881_0037_0040_0089_0089.jpg 1 37 40 89 89
0882_0122_0061_0061_0061.jpg 1 122 61 61 61
0883_0074_0078_0043_0043.jpg 1 74 78 43 43
0884_0052_0095_0051_0051.jpg 1 52 95 51 51
0885_0080_0082_0081_0081.jpg 1 80 82 81 81
0886_0081_0030_0105_0105.jpg 1 81 30 105 105
0887_0112_0121_0042_0042.jpg 1 112 121 42 42
0888_0037_0038_0087_0087.jpg 1 37 38 87 87
0889_0048_0077_0096_0096.jpg 1 48 77 96 96
0890_0044_0036_0029_0029.jpg 1 44 36 29 29
0891_0024_0040_0102_0102.jpg 1 24 40 102 102
0892_0028_0030_0137_0137.jpg 1 28 30 137 137
0893_0049_0095_0035_0035.jpg 1 49 95 35 35
0894_0090_0055_0071_0071.jpg 1 90 55 71 71
0895_0058_0129_0055_0055.jpg 1 58 129 55 55
0896_0124_0037_0048_0048.jpg 1 124 37 48 48
0897_0057_0024_0134_0134.jpg 1 57 24 134 134
0898_0110_0035_0034_0034.jpg 1 110 35 34 34
0899_0046_0116_0052_0052.jpg 1 46 116 52 52
0900_0034_0032_0115_0115.jpg 1 34 32 115 115
0901_0042_0026_0121_0121.jpg 1 42 26 121 121
0902_0090_0110_0065_0065.jpg 1 90 110 65 65
0903_0012_0028_0107_0107.jpg 1 12 28 107 107
0904_0033_0046_0135_0135.jpg 1 33 46 135 135
0905_0035_0043_0136_0136.jpg 1 35 43 136 136
0906_0045_0085_0053_0053.jpg 1 45 85 53 53
0907_0010_0076_0098_0098.jpg 1 10 76 98 98
0908_0030_0071_0058_0058.jpg 1 30 71 58 58
0909_0084_0136_0041_0041.jpg 1 84 136 41 41
0910_0038_0024_0133_0133.jpg 1 38 24 133 133
0911_0017_0082_0045_0045.jpg 1 17 82 45 45
0912_0101_0123_0054_0054.jpg 1 101 123 54 54
0913_0098_0052_0080_0080.jpg 1 98 52 80 80
0914_0048_0028_0122_0122.jpg 1 48 28 122 122
0915_0118_0083_0066_0066.jpg 1 118 83 66 66
0916_0061_0019_0123_0123.jpg 1 61 19 123 123
0917_0035_0096_0087_0087.jpg 1 35 96 87 87
0918_0055_0064_0078_0078.jpg 1 55 64 78 78
0919_0137_0046_0034_0034.jpg 1 137 46 34 34
0920_0057_0128_0036_0036.jpg 1 57 128 36 36
0921_0080_0104_0064_0064.jpg 1 80 104 64 64
0922_0046_0072_0069_0069.jpg 1 46 72 69 69
0923_0043_0071_0079_0079.jpg 1 43 71 79 79
0924_0047_0093_0030_0030.jpg 1 47 93 30 30
0925_0078_0089_0042_0042.jpg 1 78 89 42 42
0926_0093_0121_0063_0063.jpg 1 93 121 63 63
0927_0060_0076_0085_0085.jpg 1 60 76 85 85
0928_0115_0099_0047_0047.jpg 1 115 99 47 47
0929_0021_0039_0138_0138.jpg 1 21 39 138 138
0930_0079_0099_0069_0069.jpg 1 79 99 69 69
0931_0066_0037_0033_0033.jpg 1 66 37 33 33
0932_0071_0076_0106_0106.jpg 1 71 76 106 106
0933_0086_0032_0085_0085.jpg 1 86 32 85 85
0934_0059_0074_0041_0041.jpg 1 59 74 41 41
0935_0051_0073_0107_0107.jpg 1 51 73 107 107
0936_0026_0062_0126_0126.jpg 1 26 62 126 126
0937_0057_0065_0122_0122.jpg 1 57 65 122 122
0938_0051_0092_0088_0088.jpg 1 51 92 88 88
0939_0104_0020_0068_0068.jpg 1 104 20 68 68
0940_0039_0035_0129_0129.jpg 1 39 35 129 129
0941_0077_0053_0095_0095.jpg 1 77 53 95 95
0942_0063_0033_0033_0033.jpg 1 63 33 33 33
0943_0029_0007_0139_0139.jpg 1 29 7 139 139
0944_0082_0042_0043_0043.jpg 1 82 42 43 43
0945_0147_0073_0034_0034.jpg 1 147 73 34 34
0946_0013_0047_0123_0123.jpg 1 13 47 123 123
0947_0012_0063_0120_0120.jpg 1 12 63 120 120
0948_0083_0034_0066_0066.jpg 1 83 34 66 66
0949_0022_0044_0100_0100.jpg 1 22 44 100 100
0950_0129_0105_0037_0037.jpg 1 129 105 37 37
0951_0021_0083_0104_0104.jpg 1 21 83 104 104
0952_0041_0079_0111_0111.jpg 1 41 79 111 111
0953_0053_0045_0116_0116.jpg 1 53 45 116 116
0954_0030_0072_0106_0106.jpg 1 30 72 106 106
0955_0022_0040_0087_0087.jpg 1 22 40 87 87
0956_0146_0157_0024_0024.jpg 1 146 157 24 24
0957_0113_0032_0041_0041.jpg 1 113 32 41 41
0958_0071_0034_0096_0096.jpg 1 71 34 96 96
0959_0055_0030_0119_0119.jpg 1 55 30 119 119
0960_0124_0081_0034_0034.jpg 1 124 81 34 34
0961_0027_0065_0127_0127.jpg 1 27 65 127 127
0962_0053_0084_0047_0047.jpg 1 53 84 47 47
0963_0096_0040_0074_0074.jpg 1 96 40 74 74
0964_0113_0073_0033_0033.jpg 1 113 73 33 33
0965_0038_0034_0083_0083.jpg 1 38 34 83 83
0966_0042_0021_0114_0114.jpg 1 42 21 114 114
0967_0016_0020_0139_0139.jpg 1 16 20 139 139
0968_0053_0013_0080_0080.jpg 1 53 13 80 80
0969_0038_0051_0035_0035.jpg 1 38 51 35 35
0970_0055_0038_0122_0122.jpg 1 55 38 122 122
0971_0045_0049_0085_0085.jpg 1 45 49 85 85
0972_0041_0066_0125_0125.jpg 1 41 66 125 125
0973_0044_0029_0121_0121.jpg 1 44 29 121 121
0974_0074_0077_0063_0063.jpg 1 74 77 63 63
0975_0051_0037_0119_0119.jpg 1 51 37 119 119
0976_0014_0073_0062_0062.jpg 1 14 73 62 62
0977_0077_0017_0061_0061.jpg 1 77 17 61 61
0978_0035_0064_0114_0114.jpg 1 35 64 114 114
0979_0075_0064_0051_0051.jpg 1 75 64 51 51
0980_0034_0055_0132_0132.jpg 1 34 55 132 132
0981_0068_0010_0117_0117.jpg 1 68 10 117 117
0982_0070_0039_0086_0086.jpg 1 70 39 86 86
0983_0079_0059_0077_0077.jpg 1 79 59 77 77
0984_0051_0070_0114_0114.jpg 1 51 70 114 114
0985_0047_0007_0125_0125.jpg 1 47 7 125 125
0986_0053_0090_0070_0070.jpg 1 53 90 70 70
0987_0031_0011_0132_0132.jpg 1 31 11 132 132
0988_0056_0077_0103_0103.jpg 1 56 77 103 103
0989_0039_0017_0139_0139.jpg 1 39 17 139 139
0990_0079_0087_0079_0079.jpg 1 79 87 79 79
0991_0116_0085_0049_0049.jpg 1 116 85 49 49
0992_0081_0010_0103_0103.jpg 1 81 10 103 103
0993_0013_0013_0104_0104.jpg 1 13 13 104 104
0994_0017_0035_0098_0098.jpg 1 17 35 98 98
0995_0027_0033_0059_0059.jpg 1 27 33 59 59
0996_0044_0031_0121_0121.jpg 1 44 31 121 121
0997_0040_0084_0091_0091.jpg 1 40 84 91 91
0998_0023_0015_0117_0117.jpg 1 23 15 117 117
0999_0031_0148_0034_0034.jpg 1 31 148 34 34
1000_0023_0062_0115_0115.jpg 1 23 62 115 115
1001_0111_0113_0068_0068.jpg 1 111 113 68 68
1002_0086_0024_0080_0080.jpg 1 86 24 80 80
1003_0064_0064_0090_0090.jpg 1 64 64 90 90
1004_0066_0046_0092_0092.jpg 1 66 46 92 92
1005_0034_0036_0126_0126.jpg 1 34 36 126 126
1006_0038_0061_0126_0126.jpg 1 38 61 126 126
1007_0019_0020_0137_0137.jpg 1 19 20 137 137
1008_0028_0052_0054_0054.jpg 1 28 52 54 54
1009_0085_0015_0051_0051.jpg 1 85 15 51 51
1010_0065_0023_0025_0025.jpg 1 65 23 25 25
1011_0068_0052_0111_0111.jpg 1 68 52 111 111
1012_0034_0092_0057_0057.jpg 1 34 92 57 57
1013_0062_0058_0038_0038.jpg 1 62 58 38 38
1014_0120_0096_0066_0066.jpg 1 120 96 66 66
1015_0010_0011_0114_0114.jpg 1 10 11 114 114
1016_0078_0051_0108_0108.jpg 1 78 51 108 108
1017_0114_0112_0036_0036.jpg 1 114 112 36 36
1018_0074_0091_0093_0093.jpg 1 74 91 93 93
1019_0028_0085_0073_0073.jpg 1 28 85 73 73
1020_0068_0118_0061_0061.jpg 1 68 118 61 61
1021_0090_0078_0074_0074.jpg 1 90 78 74 74
1022_0105_0049_0056_0056.jpg 1 105 49 56 56
1023_0105_0100_0062_0062.jpg 1 105 100 62 62
1024_0055_0096_0030_0030.jpg 1 55 96 30 30
1025_0067_0026_0116_0116.jpg 1 67 26 116 116
1026_0084_0126_0055_0055.jpg 1 84 126 55 55
1027_0060_0013_0065_0065.jpg 1 60 13 65 65
1028_0034_0061_0114_0114.jpg 1 34 61 114 114
1029_0022_0067_0067_0067.jpg 1 22 67 67 67
1030_0073_0040_0034_0034.jpg 1 73 40 34 34
1031_0093_0059_0094_0094.jpg 1 93 59 94 94
1032_0049_0049_0114_0114.jpg 1 49 49 114 114
1033_0032_0023_0073_0073.jpg 1 32 23 73 73
1034_0058_0075_0079_0079.jpg 1 58 75 79 79
1035_0010_0040_0098_0098.jpg 1 10 40 98 98
1036_0015_0074_0092_0092.jpg 1 15 74 92 92
1037_0011_0022_0133_0133.jpg 1 11 22 133 133
1038_0033_0092_0083_0083.jpg 1 33 92 83 83
1039_0029_0015_0100_0100.jpg 1 29 15 100 100
1040_0039_0043_0139_0139.jpg 1 39 43 139 139
1041_0112_0038_0073_0073.jpg 1 112 38 73 73
1042_0081_0095_0062_0062.jpg 1 81 95 62 62
1043_0037_0041_0139_0139.jpg 1 37 41 139 139
1044_0068_0046_0079_0079.jpg 1 68 46 79 79
1045_0057_0048_0109_0109.jpg 1 57 48 109 109
1046_0062_0024_0123_0123.jpg 1 62 24 123 123
1047_0025_0075_0086_0086.jpg 1 25 75 86 86
1048_0020_0134_0036_0036.jpg 1 20 134 36 36
1049_0080_0039_0109_0109.jpg 1 80 39 109 109
1050_0053_0069_0112_0112.jpg 1 53 69 112 112
1051_0050_0021_0133_0133.jpg 1 50 21 133 133
1052_0027_0066_0117_0117.jpg 1 27 66 117 117
1053_0069_0018_0065_0065.jpg 1 69 18 65 65
1054_0098_0122_0038_0038.jpg 1 98 122 38 38
1055_0083_0088_0086_0086.jpg 1 83 88 86 86
1056_0111_0117_0059_0059.jpg 1 111 117 59 59
1057_0060_0039_0118_0118.jpg 1 60 39 118 118
1058_0048_0026_0124_0124.jpg 1 48 26 124 124
1059_0073_0037_0117_0117.jpg 1 73 37 117 117
1060_0039_0032_0136_0136.jpg 1 39 32 136 136
1061_0048_0024_0103_0103.jpg 1 48 24 103 103
1062_0065_0031_0030_0030.jpg 1 65 31 30 30
1063_0040_0035_0060_0060.jpg 1 40 35 60 60
1064_0012_0039_0129_0129.jpg 1 12 39 129 129
1065_0047_0093_0064_0064.jpg 1 47 93 64 64
1066_0010_0017_0122_0122.jpg 1 10 17 122 122
1067_0026_0047_0094_0094.jpg 1 26 47 94 94
1068_0053_0028_0108_0108.jpg 1 53 28 108 108
1069_0036_0051_0135_0135.jpg 1 36 51 135 135
1070_0131_0086_0049_0049.jpg 1 131 86 49 49
1071_0105_0114_0068_0068.jpg 1 105 114 68 68
1072_0020_0083_0104_0104.jpg 1 20 83 104 104
1073_0021_0042_0032_0032.jpg 1 21 42 32 32
1074_0063_0064_0064_0064.jpg 1 63 64 64 64
1075_0077_0047_0085_0085.jpg 1 77 47 85 85
1076_0039_0044_0086_0086.jpg 1 39 44 86 86
1077_0065_0067_0110_0110.jpg 1 65 67 110 110
1078_0026_0108_0074_0074.jpg 1 26 108 74 74
1079_0054_0026_0104_0104.jpg 1 54 26 104 104
1080_0048_0061_0102_0102.jpg 1 48 61 102 102
1081_0037_0056_0132_0132.jpg 1 37 56 132 132
1082_0028_0051_0136_0136.jpg 1 28 51 136 136
1083_0103_0100_0035_0035.jpg 1 103 100 35 35
1084_0023_0008_0137_0137.jpg 1 23 8 137 137
1085_0030_0026_0137_0137.jpg 1 30 26 137 137
1086_0067_0056_0046_0046.jpg 1 67 56 46 46
1087_0042_0111_0036_0036.jpg 1 42 111 36 36
1088_0058_0045_0113_0113.jpg 1 58 45 113 113
1089_0066_0045_0110_0110.jpg 1 66 45 110 110
1090_0056_0048_0056_0056.jpg 1 56 48 56 56
1091_0087_0092_0062_0062.jpg 1 87 92 62 62
1092_0010_0008_0123_0123.jpg 1 10 8 123 123
1093_0067_0076_0104_0104.jpg 1 67 76 104 104
1094_0014_0028_0106_0106.jpg 1 14 28 106 106
1095_0028_0073_0118_0118.jpg 1 28 73 118 118
1096_0071_0092_0064_0064.jpg 1 71 92 64 64
1097_0100_0113_0045_0045.jpg 1 100 113 45 45
1098_0105_0105_0052_0052.jpg 1 105 105 52 52
1099_0074_0040_0110_0110.jpg 1 74 40 110 110
1100_0044_0034_0091_0091.jpg 1 44 34 91 91
1101_0141_0105_0041_0041.jpg 1 141 105 41 41
1102_0029_0030_0137_0137.jpg 1 29 30 137 137
1103_0018_0031_0038_0038.jpg 1 18 31 38 38
1104_0107_0074_0024_0024.jpg 1 107 74 24 24
1105_0053_0084_0054_0054.jpg 1 53 84 54 54
1106_0076_0107_0066_0066.jpg 1 76 107 66 66
1107_0050_0121_0055_0055.jpg 1 50 121 55 55
1108_0062_0010_0110_0110.jpg 1 62 10 110 110
1109_0150_0133_0032_0032.jpg 1 150 133 32 32
1110_0022_0013_0134_0134.jpg 1 22 13 134 134
1111_0126_0140_0043_0043.jpg 1 126 140 43 43
1112_0038_0017_0133_0133.jpg 1 38 17 133 133
1113_0046_0043_0098_0098.jpg 1 46 43 98 98
1114_0039_0021_0061_0061.jpg 1 39 21 61 61
1115_0050_0028_0046_0046.jpg 1 50 28 46 46
1116_0077_0116_0030_0030.jpg 1 77 116 30 30
1117_0077_0012_0108_0108.jpg 1 77 12 108 108
1118_0033_0060_0131_0131.jpg 1 33 60 131 131
1119_0039_0054_0102_0102.jpg 1 39 54 102 102
1120_0011_0029_0132_0132.jpg 1 11 29 132 132
1121_0098_0091_0090_0090.jpg 1 98 91 90 90
1122_0057_0016_0115_0115.jpg 1 57 16 115 115
1123_0033_0036_0130_0130.jpg 1 33 36 130 130
1124_0111_0051_0060_0060.jpg 1 111 51 60 60
1125_0045_0065_0099_0099.jpg 1 45 65 99 99
1126_0046_0053_0124_0124.jpg 1 46 53 124 124
1127_0020_0034_0123_0123.jpg 1 20 34 123 123
1128_0050_0021_0126_0126.jpg 1 50 21 126 126
1129_0048_0135_0031_0031.jpg 1 48 135 31 31
1130_0039_0107_0060_0060.jpg 1 39 107 60 60
1131_0030_0022_0106_0106.jpg 1 30 22 106 106
1132_0101_0093_0030_0030.jpg 1 101 93 30 30
1133_0059_0049_0093_0093.jpg 1 59 49 93 93
1134_0069_0018_0093_0093.jpg 1 69 18 93 93
1135_0110_0020_0045_0045.jpg 1 110 20 45 45
1136_0027_0012_0106_0106.jpg 1 27 12 106 106
1137_0095_0111_0072_0072.jpg 1 95 111 72 72
1138_0007_0006_0137_0137.jpg 1 7 6 137 137
1139_0064_0137_0027_0027.jpg 1 64 137 27 27
1140_0028_0141_0035_0035.jpg 1 28 141 35 35
1141_0036_0029_0062_0062.jpg 1 36 29 62 62
1142_0014_0072_0118_0118.jpg 1 14 72 118 118
1143_0039_0054_0035_0035.jpg 1 39 54 35 35
1144_0018_0053_0129_0129.jpg 1 18 53 129 129
1145_0022_0052_0057_0057.jpg 1 22 52 57 57
1146_0096_0069_0027_0027.jpg 1 96 69 27 27
1147_0068_0051_0102_0102.jpg 1 68 51 102 102
1148_0065_0054_0080_0080.jpg 1 65 54 80 80
1149_0128_0025_0044_0044.jpg 1 128 25 44 44
1150_0075_0053_0084_0084.jpg 1 75 53 84 84
1151_0040_0022_0088_0088.jpg 1 40 22 88 88
1152_0027_0032_0031_0031.jpg 1 27 32 31 31
1153_0110_0078_0077_0077.jpg 1 110 78 77 77
1154_0050_0085_0099_0099.jpg 1 50 85 99 99
1155_0043_0094_0076_0076.jpg 1 43 94 76 76
1156_0092_0063_0078_0078.jpg 1 92 63 78 78
1157_0073_0012_0107_0107.jpg 1 73 12 107 107
1158_0052_0040_0124_0124.jpg 1 52 40 124 124
1159_0020_0019_0136_0136.jpg 1 20 19 136 136
1160_0064_0042_0128_0128.jpg 1 64 42 128 128
1161_0036_0031_0080_0080.jpg 1 36 31 80 80
1162_0017_0083_0072_0072.jpg 1 17 83 72 72
1163_0038_0086_0065_0065.jpg 1 38 86 65 65
1164_0116_0074_0025_0025.jpg 1 116 74 25 25
1165_0010_0068_0119_0119.jpg 1 10 68 119 119
1166_0107_0065_0079_0079.jpg 1 107 65 79 79
1167_0033_0065_0077_0077.jpg 1 33 65 77 77
1168_0045_0076_0034_0034.jpg 1 45 76 34 34
1169_0132_0141_0033_0033.jpg 1 132 141 33 33
1170_0045_0080_0104_0104.jpg 1 45 80 104 104
1171_0075_0036_0033_0033.jpg 1 75 36 33 33
1172_0039_0128_0038_0038.jpg 1 39 128 38 38
1173_0080_0105_0066_0066.jpg 1 80 105 66 66
1174_0080_0033_0094_0094.jpg 1 80 33 94 94
1175_0028_0052_0104_0104.jpg 1 28 52 104 104
1176_0130_0063_0050_0050.jpg 1 130 63 50 50
1177_0054_0095_0042_0042.jpg 1 54 95 42 42
1178_0037_0055_0111_0111.jpg 1 37 55 111 111
1179_0059_0063_0116_0116.jpg 1 59 63 116 116
1180_0096_0029_0063_0063.jpg 1 96 29 63 63
1181_0066_0026_0110_0110.jpg 1 66 26 110 110
1182_0047_0020_0127_0127.jpg 1 47 20 127 127
1183_0098_0059_0073_0073.jpg 1 98 59 73 73
1184_0100_0066_0035_0035.jpg 1 100 66 35 35
1185_0115_0062_0059_0059.jpg 1 115 62 59 59
1186_0087_0094_0062_0062.jpg 1 87 94 62 62
1187_0032_0062_0053_0053.jpg 1 32 62 53 53
1188_0083_0015_0050_0050.jpg 1 83 15 50 50
1189_0090_0041_0085_0085.jpg 1 90 41 85 85
1190_0057_0016_0119_0119.jpg 1 57 16 119 119
1191_0039_0049_0093_0093.jpg 1 39 49 93 93
1192_0105_0049_0078_0078.jpg 1 105 49 78 78
1193_0031_0075_0110_0110.jpg 1 31 75 110 110
1194_0061_0026_0124_0124.jpg 1 61 26 124 124
1195_0031_0038_0028_0028.jpg 1 31 38 28 28
1196_0047_0009_0107_0107.jpg 1 47 9 107 107
1197_0136_0115_0039_0039.jpg 1 136 115 39 39
1198_0064_0122_0044_0044.jpg 1 64 122 44 44
1199_0059_0026_0121_0121.jpg 1 59 26 121 121
1200_0082_0086_0080_0080.jpg 1 82 86 80 80
1201_0062_0049_0098_0098.jpg 1 62 49 98 98
1202_0073_0062_0064_0064.jpg 1 73 62 64 64
1203_0025_0062_0066_0066.jpg 1 25 62 66 66
1204_0066_0142_0031_0031.jpg 1 66 142 31 31
1205_0041_0068_0092_0092.jpg 1 41 68 92 92
1206_0021_0072_0056_0056.jpg 1 21 72 56 56
1207_0082_0094_0056_0056.jpg 1 82 94 56 56
1208_0083_0014_0096_0096.jpg 1 83 14 96 96
1209_0045_0034_0135_0135.jpg 1 45 34 135 135
1210_0062_0145_0027_0027.jpg 1 62 145 27 27
1211_0048_0031_0129_0129.jpg 1 48 31 129 129
1212_0027_0073_0112_0112.jpg 1 27 73 112 112
1213_0058_0038_0108_0108.jpg 1 58 38 108 108
1214_0009_0041_0131_0131.jpg 1 9 41 131 131
1215_0110_0068_0033_0033.jpg 1 110 68 33 33
1216_0070_0020_0044_0044.jpg 1 70 20 44 44
1217_0009_0045_0129_0129.jpg 1 9 45 129 129
1218_0087_0103_0065_0065.jpg 1 87 103 65 65
1219_0097_0023_0036_0036.jpg 1 97 23 36 36
1220_0049_0031_0102_0102.jpg 1 49 31 102 102
1221_0123_0022_0038_0038.jpg 1 123 22 38 38
1222_0047_0033_0118_0118.jpg 1 47 33 118 118
1223_0019_0070_0045_0045.jpg 1 19 70 45 45
1224_0062_0057_0087_0087.jpg 1 62 57 87 87
1225_0025_0062_0033_0033.jpg 1 25 62 33 33
1226_0125_0147_0029_0029.jpg 1 125 147 29 29
1227_0060_0069_0114_0114.jpg 1 60 69 114 114
1228_0068_0129_0039_0039.jpg 1 68 129 39 39
1229_0064_0019_0124_0124.jpg 1 64 19 124 124
1230_0078_0062_0111_0111.jpg 1 78 62 111 111
1231_0082_0043_0042_0042.jpg 1 82 43 42 42
1232_0044_0024_0126_0126.jpg 1 44 24 126 126
1233_0013_0018_0109_0109.jpg 1 13 18 109 109
1234_0071_0020_0100_0100.jpg 1 71 20 100 100
1235_0128_0024_0041_0041.jpg 1 128 24 41 41
1236_0044_0042_0085_0085.jpg 1 44 42 85 85
1237_0132_0032_0044_0044.jpg 1 132 32 44 44
1238_0030_0065_0090_0090.jpg 1 30 65 90 90
1239_0045_0072_0118_0118.jpg 1 45 72 118 118
1240_0031_0024_0085_0085.jpg 1 31 24 85 85
1241_0129_0115_0024_0024.jpg 1 129 115 24 24
1242_0018_0068_0092_0092.jpg 1 18 68 92 92
1243_0091_0083_0079_0079.jpg 1 91 83 79 79
1244_0043_0019_0125_0125.jpg 1 43 19 125 125
1245_0035_0078_0036_0036.jpg 1 35 78 36 36
1246_0092_0033_0093_0093.jpg 1 92 33 93 93
1247_0042_0100_0024_0024.jpg 1 42 100 24 24
1248_0096_0091_0074_0074.jpg 1 96 91 74 74
1249_0014_0014_0091_0091.jpg 1 14 14 91 91
1250_0023_0041_0042_0042.jpg 1 23 41 42 42
1251_0011_0062_0111_0111.jpg 1 11 62 111 111
1252_0010_0061_0126_0126.jpg 1 10 61 126 126
1253_0016_0050_0091_0091.jpg 1 16 50 91 91
1254_0079_0051_0106_0106.jpg 1 79 51 106 106
1255_0017_0044_0139_0139.jpg 1 17 44 139 139
1256_0049_0060_0112_0112.jpg 1 49 60 112 112
1257_0062_0015_0111_0111.jpg 1 62 15 111 111
1258_0068_0068_0059_0059.jpg 1 68 68 59 59
1259_0021_0099_0060_0060.jpg 1 21 99 60 60
1260_0038_0050_0115_0115.jpg 1 38 50 115 115
1261_0091_0085_0097_0097.jpg 1 91 85 97 97
1262_0062_0030_0108_0108.jpg 1 62 30 108 108
1263_0016_0058_0134_0134.jpg 1 16 58 134 134
1264_0033_0056_0025_0025.jpg 1 33 56 25 25
1265_0112_0115_0071_0071.jpg 1 112 115 71 71
1266_0094_0036_0055_0055.jpg 1 94 36 55 55
1267_0027_0035_0110_0110.jpg 1 27 35 110 110
1268_0093_0043_0080_0080.jpg 1 93 43 80 80
1269_0145_0057_0032_0032.jpg 1 145 57 32 32
1270_0030_0122_0036_0036.jpg 1 30 122 36 36
1271_0100_0050_0062_0062.jpg 1 100 50 62 62
1272_0061_0095_0068_0068.jpg 1 61 95 68 68
1273_0017_0076_0102_0102.jpg 1 17 76 102 102
1274_0047_0032_0131_0131.jpg 1 47 32 131 131
1275_0025_0037_0119_0119.jpg 1 25 37 119 119
1276_0112_0037_0044_0044.jpg 1 112 37 44 44
1277_0134_0032_0025_0025.jpg 1 134 32 25 25
1278_0015_0041_0128_0128.jpg 1 15 41 128 128
1279_0057_0106_0069_0069.jpg 1 57 106 69 69
1280_0034_0138_0041_0041.jpg 1 34 138 41 41
1281_0024_0018_0110_0110.jpg 1 24 18 110 110
1282_0067_0057_0118_0118.jpg 1 67 57 118 118
1283_0012_0045_0089_0089.jpg 1 12 45 89 89
1284_0093_0049_0030_0030.jpg 1 93 49 30 30
1285_0019_0014_0068_0068.jpg 1 19 14 68 68
1286_0031_0047_0088_0088.jpg 1 31 47 88 88
1287_0053_0052_0127_0127.jpg 1 53 52 127 127
1288_0063_0052_0124_0124.jpg 1 63 52 124 124
1289_0010_0019_0139_0139.jpg 1 10 19 139 139
1290_0112_0050_0062_0062.jpg 1 112 50 62 62
1291_0090_0035_0055_0055.jpg 1 90 35 55 55
1292_0039_0048_0032_0032.jpg 1 39 48 32 32
1293_0031_0131_0042_0042.jpg 1 31 131 42 42
1294_0123_0081_0040_0040.jpg 1 123 81 40 40
1295_0051_0149_0034_0034.jpg 1 51 149 34 34
1296_0093_0031_0043_0043.jpg 1 93 31 43 43
1297_0014_0064_0113_0113.jpg 1 14 64 113 113
1298_0016_0017_0098_0098.jpg 1 16 17 98 98
1299_0085_0016_0080_0080.jpg 1 85 16 80 80
1300_0110_0137_0025_0025.jpg 1 110 137 25 25
1301_0067_0084_0105_0105.jpg 1 67 84 105 105
1302_0076_0050_0074_0074.jpg 1 76 50 74 74
1303_0117_0026_0043_0043.jpg 1 117 26 43 43
1304_0077_0099_0088_0088.jpg 1 77 99 88 88
1305_0048_0093_0060_0060.jpg 1 48 93 60 60
1306_0023_0053_0120_0120.jpg 1 23 53 120 120
1307_0006_0026_0135_0135.jpg 1 6 26 135 135
1308_0050_0061_0109_0109.jpg 1 50 61 109 109
1309_0089_0071_0071_0071.jpg 1 89 71 71 71
1310_0087_0015_0052_0052.jpg 1 87 15 52 52
1311_0018_0033_0091_0091.jpg 1 18 33 91 91
1312_0041_0014_0102_0102.jpg 1 41 14 102 102
1313_0074_0014_0086_0086.jpg 1 74 14 86 86
1314_0037_0043_0129_0129.jpg 1 37 43 129 129
1315_0053_0067_0089_0089.jpg 1 53 67 89 89
1316_0023_0052_0118_0118.jpg 1 23 52 118 118
1317_0059_0036_0127_0127.jpg 1 59 36 127 127
1318_0023_0054_0131_0131.jpg 1 23 54 131 131
1319_0062_0118_0042_0042.jpg 1 62 118 42 42
1320_0076_0036_0079_0079.jpg 1 76 36 79 79
1321_0040_0057_0069_0069.jpg 1 40 57 69 69
1322_0033_0086_0062_0062.jpg 1 33 86 62 62
1323_0010_0041_0137_0137.jpg 1 10 41 137 137
1324_0057_0047_0087_0087.jpg 1 57 47 87 87
1325_0107_0084_0035_0035.jpg 1 107 84 35 35
1326_0075_0085_0100_0100.jpg 1 75 85 100 100
1327_0041_0149_0025_0025.jpg 1 41 149 25 25
1328_0037_0056_0078_0078.jpg 1 37 56 78 78
1329_0068_0017_0042_0042.jpg 1 68 17 42 42
1330_0088_0046_0099_0099.jpg 1 88 46 99 99
1331_0026_0056_0111_0111.jpg 1 26 56 111 111
1332_0092_0027_0040_0040.jpg 1 92 27 40 40
1333_0030_0097_0067_0067.jpg 1 30 97 67 67
1334_0032_0037_0136_0136.jpg 1 32 37 136 136
1335_0042_0075_0108_0108.jpg 1 42 75 108 108
1336_0054_0012_0137_0137.jpg 1 54 12 137 137
1337_0033_0072_0071_0071.jpg 1 33 72 71 71
1338_0049_0015_0048_0048.jpg 1 49 15 48 48
1339_0034_0024_0120_0120.jpg 1 34 24 120 120
1340_0047_0091_0090_0090.jpg 1 47 91 90 90
1341_0038_0038_0129_0129.jpg 1 38 38 129 129
1342_0135_0122_0031_0031.jpg 1 135 122 31 31
1343_0012_0039_0137_0137.jpg 1 12 39 137 137
1344_0015_0035_0098_0098.jpg 1 15 35 98 98
1345_0045_0117_0054_0054.jpg 1 45 117 54 54
1346_0091_0066_0040_0040.jpg 1 91 66 40 40
1347_0065_0075_0044_0044.jpg 1 65 75 44 44
1348_0041_0032_0053_0053.jpg 1 41 32 53 53
1349_0044_0056_0050_0050.jpg 1 44 56 50 50
1350_0015_0025_0112_0112.jpg 1 15 25 112 112
1351_0037_0017_0136_0136.jpg 1 37 17 136 136
1352_0092_0018_0058_0058.jpg 1 92 18 58 58
1353_0057_0104_0066_0066.jpg 1 57 104 66 66
1354_0054_0081_0102_0102.jpg 1 54 81 102 102
1355_0030_0090_0068_0068.jpg 1 30 90 68 68
1356_0085_0127_0029_0029.jpg 1 85 127 29 29
1357_0040_0064_0108_0108.jpg 1 40 64 108 108
1358_0009_0041_0124_0124.jpg 1 9 41 124 124
1359_0027_0047_0126_0126.jpg 1 27 47 126 126
1360_0051_0063_0071_0071.jpg 1 51 63 71 71
1361_0100_0097_0056_0056.jpg 1 100 97 56 56
1362_0014_0033_0053_0053.jpg 1 14 33 53 53
1363_0013_0017_0114_0114.jpg 1 13 17 114 114
1364_0054_0010_0096_0096.jpg 1 54 10 96 96
1365_0081_0091_0095_0095.jpg 1 81 91 95 95
